114.1854093,22.3291628
114.1854039,22.3290835
114.1853074,22.3290487
114.1851679,22.3290487
114.1850713,22.3290487
114.1849587,22.3290636
114.1848567,22.3290686
114.1846958,22.3290686
114.1845832,22.3290686
114.184492,22.3290686
114.1843954,22.3290686
114.1843042,22.3290686
114.1842023,22.3290884
114.1841218,22.3291033
114.1841218,22.3290041
114.184095,22.3288949
114.1841004,22.3287956
114.1841057,22.3286865
114.1840896,22.3285029
114.1840843,22.328354
114.1840843,22.3282796
114.1840789,22.3281257
114.1840735,22.3279322
114.1840628,22.3278131
114.184036,22.3276097
114.184036,22.3274112
114.184036,22.3272524
114.1842774,22.3272524
114.1845188,22.3272722
114.1849211,22.3272722
114.1852376,22.3272871
114.185699,22.3272921
114.1860959,22.3272921
114.1864714,22.327302
114.1868469,22.3273219
114.1871634,22.3273765
114.187437,22.3273963
114.1877911,22.3274757
114.1881505,22.3275154
114.1885045,22.3275898
114.1888371,22.3276593
114.1891107,22.327704
114.1894916,22.3277585
114.1898456,22.3277933
114.1899959,22.3277883
114.1901246,22.3276742
114.1902533,22.3274161
114.1903284,22.3271928
114.1902802,22.3269894
114.190087,22.3267909
114.1899476,22.3266123
114.1898296,22.326389
114.1897437,22.3262202
114.1896203,22.3259771
114.1895399,22.3258332
114.1894326,22.3256297
114.1893521,22.325466
114.1892395,22.3253022
114.1891268,22.3252079
114.1890195,22.3249499
114.1888801,22.3247365
114.188821,22.3245529
114.188703,22.3243197
114.1885689,22.3240765
114.188349,22.3236349
114.1882846,22.323491
114.1881773,22.3232825
114.1880808,22.3231039
114.187952,22.3228409
114.1879252,22.3227714
114.1879037,22.3227168
114.1877589,22.3224737
114.1876516,22.3221958
114.1875872,22.3219129
114.187598,22.3212877
114.1876194,22.3210197
114.1876033,22.3208063
114.1875819,22.3206376
114.1875926,22.3204837
114.1876248,22.3202952
114.187614,22.3201066
114.187614,22.319923
114.1876087,22.319789
114.1876194,22.3196997
114.1876194,22.3196054
114.1876194,22.319521
114.1876248,22.319392
114.1876087,22.3192183
114.1876033,22.3191042
114.1876087,22.3190099
114.1876999,22.3190248
114.1877911,22.3189999
114.1878715,22.3189652
114.1879574,22.3189057
114.1880432,22.3188808
114.1881237,22.3188511
114.1881934,22.3188114
114.1883007,22.3187617
114.1883704,22.318732
114.1884455,22.318727
114.1885314,22.3187667
114.1885689,22.3188411
114.1885957,22.3189156
114.1885776,22.3189354
114.1885843,22.3189491
114.1886004,22.3189553
114.1886165,22.3189553
114.1886299,22.3189491
114.188634,22.3189354
114.188634,22.3189156
114.1886286,22.3188957
114.188646,22.3188932
114.1886474,22.3189106
114.1886635,22.3189106
114.1886755,22.3188957
114.1886809,22.3188808
114.1887144,22.3188722
114.1886983,22.3188573
114.1886864,22.3188551
114.1886703,22.3188613
114.1886476,22.3188713
114.1886154,22.3188787
114.1885832,22.318875
114.1885617,22.3188229
114.1885255,22.3187435
114.188496,22.3186976
114.1884719,22.3186864
114.1884303,22.318705
114.1883704,22.318732
114.1883007,22.3187617
114.1882546,22.3187807
114.1882023,22.3187993
114.1881554,22.3188154
114.1881017,22.3188378
114.1880588,22.3188576
114.1880052,22.3188775
114.187969,22.3188998
114.1879247,22.3189209
114.1878737,22.318942
114.1878335,22.3189705
114.1878,22.3189854
114.1877624,22.3189978
114.1877155,22.3190139
114.187682,22.3190201
114.1876417,22.3190189
114.1876189,22.3190139
114.1876256,22.3189383
114.1876297,22.3188601
114.1876162,22.3187435
114.1876216,22.3186405
114.1876229,22.3184854
114.1876297,22.3183229
114.1876337,22.3180934
114.1876283,22.3179271
114.1876484,22.3177907
114.1876431,22.3176765
114.1876444,22.3175016
114.1876511,22.3173304
114.1876525,22.3171517
114.1876525,22.3170177
114.1876511,22.3169235
114.1876538,22.3168056
114.1876511,22.3167101
114.1876498,22.3166096
114.1876484,22.3165041
114.1876498,22.3163825
114.1876699,22.3162609
114.1876753,22.3161518
114.187686,22.316086
114.1877007,22.3160178
114.1877208,22.3159222
114.187749,22.3158515
114.1877597,22.315756
114.1878053,22.3157448
114.1879287,22.3156902
114.1880669,22.3156183
114.1882425,22.3155401
114.1883968,22.3154669
114.1885027,22.3154074
114.1886127,22.3153553
114.1886771,22.3153255
114.188728,22.3152833
114.1888715,22.3152064
114.1890794,22.3151034
114.1892551,22.3150128
114.1893811,22.314952
114.1894898,22.314895
114.1895877,22.3148453
114.1897084,22.314787
114.1898224,22.3147275
114.1899471,22.3146766
114.190053,22.3146295
114.1901442,22.3145898
114.1902354,22.3145513
114.1904272,22.314519
114.1904165,22.3144657
114.1904969,22.3144136
114.1906458,22.3143776
114.1907973,22.3143342
114.1908832,22.3142982
114.1910428,22.3142374
114.1911219,22.3142076
114.1912305,22.3141282
114.1912761,22.3141009
114.1913821,22.3139384
114.191429,22.3137536
114.191421,22.3136295
114.1913794,22.3135215
114.1913204,22.313431
114.1912024,22.3133131
114.1910629,22.3132101
114.190969,22.313132
114.1908926,22.3130761
114.1908134,22.312998
114.1907397,22.3129322
114.1906686,22.312864
114.1906136,22.3127536
114.1905546,22.3126407
114.1905103,22.3125054
114.1904688,22.3123441
114.1904849,22.3122151
114.1904849,22.312024
114.1904674,22.3118801
114.1904594,22.3118019
114.1904419,22.311632
114.1904433,22.311498
114.1904352,22.3112474
114.1904312,22.3110414
114.1904165,22.3108714
114.1904111,22.3106295
114.1904044,22.3103602
114.1904031,22.3100997
114.1904071,22.3098491
114.190397,22.3095625
114.1903729,22.3092697
114.1903836,22.3090041
114.1903782,22.3088974
114.1904453,22.3088602
114.1905365,22.3088031
114.1906974,22.3087684
114.1909093,22.3086766
114.1911722,22.3085575
114.1914914,22.3084185
114.1916362,22.308359
114.1917462,22.3082473
114.1918481,22.3081282
114.191781,22.3078577
114.1916979,22.3075302
114.1916228,22.3071976
114.1915799,22.3069867
114.1915316,22.3067981
114.1914967,22.3066343
114.1916308,22.306617
114.1917757,22.3065971
114.19195,22.3065624
114.1921928,22.30654
114.1921606,22.3062671
114.192064,22.3058303
114.1920265,22.3056269
114.1919996,22.3054333
114.1919192,22.3051603
114.1918387,22.3048725
114.1918226,22.3047881
114.1919782,22.3046789
114.1922947,22.3045797
114.1925361,22.3044705
114.1925361,22.3043464
114.1924395,22.3040585
114.192284,22.3038352
114.1921069,22.3036367
114.1919084,22.3035027
114.1918441,22.3033687
114.1917368,22.3031354
114.1918548,22.3029369
114.1920318,22.3029319
114.1920375,22.3029232
114.1920214,22.3029176
114.192012,22.3029139
114.1919993,22.3029176
114.1919839,22.3029102
114.1919631,22.3029139
114.191949,22.302922
114.1919349,22.3029164
114.1919242,22.3029189
114.1919054,22.3029189
114.1919048,22.3029301
114.1918913,22.3029251
114.1918706,22.3029251
114.1918484,22.3029276
114.1918357,22.3029381
114.1918095,22.3029679
114.1917324,22.3030783
114.1916949,22.3029884
114.1916141,22.302842
114.19148,22.3026931
114.1912547,22.3026831
114.1908631,22.3028221
114.1904822,22.3030157
114.1901442,22.3031447
114.1898814,22.3033085
114.1896292,22.3034226
114.1893825,22.3036162
114.189125,22.30378
114.1889104,22.3038941
114.1887656,22.3040083
114.1882345,22.3043656
114.1879126,22.3042664
114.1876605,22.3039587
114.1874137,22.3035914
114.1872957,22.3034276
114.186829,22.3027874